x = [33554432 33554432 33554432 33554432 33554432 33554432 33554432 33554432 33554432 33554432 33554432 33554432 33554432 33554432 33554432 33554432 33554432 33554432 33554432 33554432 33554432 33554432 33554432 33554432 33554432 33554432 33554432 33554432 33554432 33554432 33554432 33554432 33554432 33554432 33554432 33554432 33554432 33554432 33554432 33554432 33554432 33554432 33554432 33554432 33554432 33554432 33554432 33554432 33554432 33554432 33554432 33554432 33554432 33554432 33554432 33554432 33554432 33554432 33554432 33554432 33554432 33554432 33554432 33554432 16777216 16777216 16777216 16777216 16777216 16777216 16777216 16777216 16777216 16777216 16777216 16777216 16777216 16777216 16777216 16777216 16777216 16777216 16777216 16777216 16777216 16777216 16777216 16777216 16777216 16777216 16777216 16777216 16777216 16777216 16777216 16777216 16777216 16777216 16777216 16777216 16777216 16777216 16777216 16777216 16777216 16777216 16777216 16777216 16777216 16777216 16777216 16777216 16777216 16777216 16777216 16777216 16777216 16777216 16777216 16777216 16777216 16777216 16777216 16777216 16777216 16777216 16777216 16777216 8388608 8388608 8388608 8388608 8388608 8388608 8388608 8388608 8388608 8388608 8388608 8388608 8388608 8388608 8388608 8388608 8388608 8388608 8388608 8388608 8388608 8388608 8388608 8388608 8388608 8388608 8388608 8388608 8388608 8388608 8388608 8388608 8388608 8388608 8388608 8388608 8388608 8388608 8388608 8388608 8388608 8388608 8388608 8388608 8388608 8388608 8388608 8388608 8388608 8388608 8388608 8388608 8388608 8388608 8388608 8388608 8388608 8388608 8388608 8388608 8388608 8388608 8388608 8388608 4194304 4194304 4194304 4194304 4194304 4194304 4194304 4194304 4194304 4194304 4194304 4194304 4194304 4194304 4194304 4194304 4194304 4194304 4194304 4194304 4194304 4194304 4194304 4194304 4194304 4194304 4194304 4194304 4194304 4194304 4194304 4194304 4194304 4194304 4194304 4194304 4194304 4194304 4194304 4194304 4194304 4194304 4194304 4194304 4194304 4194304 4194304 4194304 4194304 4194304 4194304 4194304 4194304 4194304 4194304 4194304 4194304 4194304 4194304 4194304 4194304 4194304 4194304 4194304 2097152 2097152 2097152 2097152 2097152 2097152 2097152 2097152 2097152 2097152 2097152 2097152 2097152 2097152 2097152 2097152 2097152 2097152 2097152 2097152 2097152 2097152 2097152 2097152 2097152 2097152 2097152 2097152 2097152 2097152 2097152 2097152 2097152 2097152 2097152 2097152 2097152 2097152 2097152 2097152 2097152 2097152 2097152 2097152 2097152 2097152 2097152 2097152 2097152 2097152 2097152 2097152 2097152 2097152 2097152 2097152 2097152 2097152 2097152 2097152 2097152 2097152 2097152 2097152 1048576 1048576 1048576 1048576 1048576 1048576 1048576 1048576 1048576 1048576 1048576 1048576 1048576 1048576 1048576 1048576 1048576 1048576 1048576 1048576 1048576 1048576 1048576 1048576 1048576 1048576 1048576 1048576 1048576 1048576 1048576 1048576 1048576 1048576 1048576 1048576 1048576 1048576 1048576 1048576 1048576 1048576 1048576 1048576 1048576 1048576 1048576 1048576 1048576 1048576 1048576 1048576 1048576 1048576 1048576 1048576 1048576 1048576 1048576 1048576 1048576 1048576 1048576 1048576 524288 524288 524288 524288 524288 524288 524288 524288 524288 524288 524288 524288 524288 524288 524288 524288 524288 524288 524288 524288 524288 524288 524288 524288 524288 524288 524288 524288 524288 524288 524288 524288 524288 524288 524288 524288 524288 524288 524288 524288 524288 524288 524288 524288 524288 524288 524288 524288 524288 524288 524288 524288 524288 524288 524288 524288 524288 524288 524288 524288 524288 524288 524288 524288 262144 262144 262144 262144 262144 262144 262144 262144 262144 262144 262144 262144 262144 262144 262144 262144 262144 262144 262144 262144 262144 262144 262144 262144 262144 262144 262144 262144 262144 262144 262144 262144 262144 262144 262144 262144 262144 262144 262144 262144 262144 262144 262144 262144 262144 262144 262144 262144 262144 262144 262144 262144 262144 262144 262144 262144 262144 262144 262144 262144 262144 262144 262144 262144 131072 131072 131072 131072 131072 131072 131072 131072 131072 131072 131072 131072 131072 131072 131072 131072 131072 131072 131072 131072 131072 131072 131072 131072 131072 131072 131072 131072 131072 131072 131072 131072 131072 131072 131072 131072 131072 131072 131072 131072 131072 131072 131072 131072 131072 131072 131072 131072 131072 131072 131072 131072 131072 131072 131072 131072 131072 131072 131072 131072 131072 131072 131072 131072 65536 65536 65536 65536 65536 65536 65536 65536 65536 65536 65536 65536 65536 65536 65536 65536 65536 65536 65536 65536 65536 65536 65536 65536 65536 65536 65536 65536 65536 65536 65536 65536 65536 65536 65536 65536 65536 65536 65536 65536 65536 65536 65536 65536 65536 65536 65536 65536 65536 65536 65536 65536 65536 65536 65536 65536 65536 65536 65536 65536 65536 65536 65536 65536 32768 32768 32768 32768 32768 32768 32768 32768 32768 32768 32768 32768 32768 32768 32768 32768 32768 32768 32768 32768 32768 32768 32768 32768 32768 32768 32768 32768 32768 32768 32768 32768 32768 32768 32768 32768 32768 32768 32768 32768 32768 32768 32768 32768 32768 32768 32768 32768 32768 32768 32768 32768 32768 32768 32768 32768 32768 32768 32768 32768 32768 32768 32768 32768 16384 16384 16384 16384 16384 16384 16384 16384 16384 16384 16384 16384 16384 16384 16384 16384 16384 16384 16384 16384 16384 16384 16384 16384 16384 16384 16384 16384 16384 16384 16384 16384 16384 16384 16384 16384 16384 16384 16384 16384 16384 16384 16384 16384 16384 16384 16384 16384 16384 16384 16384 16384 16384 16384 16384 16384 16384 16384 16384 16384 16384 16384 16384 16384 8192 8192 8192 8192 8192 8192 8192 8192 8192 8192 8192 8192 8192 8192 8192 8192 8192 8192 8192 8192 8192 8192 8192 8192 8192 8192 8192 8192 8192 8192 8192 8192 8192 8192 8192 8192 8192 8192 8192 8192 8192 8192 8192 8192 8192 8192 8192 8192 8192 8192 8192 8192 8192 8192 8192 8192 8192 8192 8192 8192 8192 8192 8192 8192 4096 4096 4096 4096 4096 4096 4096 4096 4096 4096 4096 4096 4096 4096 4096 4096 4096 4096 4096 4096 4096 4096 4096 4096 4096 4096 4096 4096 4096 4096 4096 4096 4096 4096 4096 4096 4096 4096 4096 4096 4096 4096 4096 4096 4096 4096 4096 4096 4096 4096 4096 4096 4096 4096 4096 4096 4096 4096 4096 4096 4096 4096 4096 4096 2048 2048 2048 2048 2048 2048 2048 2048 2048 2048 2048 2048 2048 2048 2048 2048 2048 2048 2048 2048 2048 2048 2048 2048 2048 2048 2048 2048 2048 2048 2048 2048 2048 2048 2048 2048 2048 2048 2048 2048 2048 2048 2048 2048 2048 2048 2048 2048 2048 2048 2048 2048 2048 2048 2048 2048 2048 2048 2048 2048 2048 2048 2048 2048];
